0.4	0.2	0.4	
0.4	0.2	0.4	
0.4	0.2	0.4	
0.4	0.2	0.4	
0.4	0.2	0.4	
0.4	0.2	0.4	
0.4	0.2	0.4	
0.4	0.2	0.4	
0.4	0.2	0.4	
0.4	0.2	0.4	
0.4	0.2	0.4	
0.4	0.2	0.4	
0.4	0.2	0.4	
0.4	0.2	0.4	
0.4	0.2	0.4	
0.4	0.2	0.4	
0.4	0.2	0.4	
0.4	0.2	0.4	
0.4	0.2	0.4	
0.4	0.2	0.4	
0.4	0.2	0.4	
0.4	0.2	0.4	
0.4	0.2	0.4	
0.4	0.2	0.4	
0.4	0.2	0.4	
0.4	0.2	0.4	
0.4	0.2	0.4	
0.4	0.2	0.4	
0.4	0.2	0.4	
0.4	0.2	0.4	
0.4	0.2	0.4	
0.4	0.2	0.4	
0.4	0.2	0.4	
0.4	0.2	0.4	
0.4	0.2	0.4	
0.4	0.2	0.4	
0.4	0.2	0.4	
0.4	0.2	0.4	
0.4	0.2	0.4	
0.4	0.2	0.4	
0.4	0.2	0.4	
0.4	0.2	0.4	
0.4	0.2	0.4	
0.4	0.2	0.4	
0.4	0.2	0.4	
0.4	0.2	0.4	
0.4	0.2	0.4	
0.4	0.2	0.4	
0.4	0.2	0.4	
0.4	0.2	0.4	
0.4	0.2	0.4	
0.4	0.2	0.4	
0.4	0.2	0.4	
0.4	0.2	0.4	
0.4	0.2	0.4	
0.4	0.2	0.4	
0.4	0.2	0.4	
0.4	0.2	0.4	
0.4	0.2	0.4	
0.4	0.2	0.4	
0.4	0.2	0.4	
0.4	0.2	0.4	
0.4	0.2	0.4	
0.4	0.2	0.4	
0.4	0.2	0.4	
0.4	0.2	0.4	
0.4	0.2	0.4	
0.4	0.2	0.4	
0.4	0.2	0.4	
0.4	0.2	0.4	
0.4	0.2	0.4	
0.4	0.2	0.4	
0.4	0.2	0.4	
0.4	0.2	0.4	
0.4	0.2	0.4	
0.4	0.2	0.4	
0.4	0.2	0.4	
0.4	0.2	0.4	
0.4	0.2	0.4	
0.4	0.2	0.4	
0.4	0.2	0.4	
0.4	0.2	0.4	
0.4	0.2	0.4	
0.4	0.2	0.4	
0.4	0.2	0.4	
0.4	0.2	0.4	
0.4	0.2	0.4	
0.4	0.2	0.4	
0.4	0.2	0.4	
0.4	0.2	0.4	
0.4	0.2	0.4	
0.4	0.2	0.4	
0.4	0.2	0.4	
0.4	0.2	0.4	
0.4	0.2	0.4	
0.4	0.2	0.4	
0.4	0.2	0.4	
0.4	0.2	0.4	
0.4	0.2	0.4	
0.4	0.2	0.4	
0.399999	0.199999	0.400002	
0.199999	0.299999	0.500002	
0.2	0.3	0.5	
0.2	0.3	0.5	
0.2	0.3	0.5	
0.2	0.3	0.5	
0.2	0.3	0.5	
0.2	0.3	0.5	
0.2	0.3	0.5	
0.2	0.3	0.5	
0.2	0.3	0.5	
0.2	0.3	0.5	
0.2	0.3	0.5	
0.2	0.3	0.5	
0.2	0.3	0.5	
0.2	0.3	0.5	
0.2	0.3	0.5	
0.2	0.3	0.5	
0.2	0.3	0.5	
0.2	0.3	0.5	
0.2	0.3	0.5	
0.2	0.3	0.5	
0.2	0.3	0.5	
0.2	0.3	0.5	
0.2	0.3	0.5	
0.2	0.3	0.5	
0.2	0.3	0.5	
0.2	0.3	0.5	
0.2	0.3	0.5	
0.2	0.3	0.5	
0.2	0.3	0.5	
0.2	0.3	0.5	
0.2	0.3	0.5	
0.2	0.3	0.5	
0.2	0.3	0.5	
0.2	0.3	0.5	
0.2	0.3	0.5	
0.2	0.3	0.5	
0.2	0.3	0.5	
0.2	0.3	0.5	
0.2	0.3	0.5	
0.2	0.3	0.5	
0.2	0.3	0.5	
0.2	0.3	0.5	
0.2	0.3	0.5	
0.2	0.3	0.5	
0.2	0.3	0.5	
0.2	0.3	0.5	
0.2	0.3	0.5	
0.2	0.3	0.5	
0.2	0.3	0.5	
0.2	0.3	0.5	
0.2	0.3	0.5	
0.2	0.3	0.5	
0.2	0.3	0.5	
0.2	0.3	0.5	
0.2	0.3	0.5	
0.2	0.3	0.5	
0.2	0.3	0.5	
0.2	0.3	0.5	
0.2	0.3	0.5	
0.2	0.3	0.5	
0.2	0.3	0.5	
0.2	0.3	0.5	
0.2	0.3	0.5	
0.2	0.3	0.5	
0.2	0.3	0.5	
0.2	0.3	0.5	
0.2	0.3	0.5	
0.2	0.3	0.5	
0.2	0.3	0.5	
0.2	0.3	0.5	
0.2	0.3	0.5	
0.2	0.3	0.5	
0.2	0.3	0.5	
0.2	0.3	0.5	
0.2	0.3	0.5	
0.2	0.3	0.5	
0.2	0.3	0.5	
0.2	0.3	0.5	
0.2	0.3	0.5	
0.2	0.3	0.5	
0.2	0.3	0.5	
0.2	0.3	0.5	
0.2	0.3	0.5	
0.2	0.3	0.5	
0.2	0.3	0.5	
0.2	0.3	0.5	
0.2	0.3	0.5	
0.2	0.3	0.5	
0.2	0.3	0.5	
0.2	0.3	0.5	
0.2	0.3	0.5	
0.2	0.3	0.5	
0.2	0.3	0.5	
0.2	0.3	0.5	
0.2	0.3	0.5	
0.2	0.3	0.5	
0.2	0.3	0.5	
0.2	0.3	0.7	
